Cylinder: 
1.32 1.08 1.08 1.46 1.94 2.24 2.28 2.14 1.88 1.6 
2.62 2 1.7 2.88 4.11 4.75 4.78 4.39 3.82 3.22 
4 2.99 0 4.68 6.93 7.92 7.74 6.83 5.76 4.81 
5.47 5.12 5.59 8.08 10.9 12.4 11.44 9.38 7.52 6.23 
6.54 6.85 8.3 11.37 16.13 20.02 16.14 11.52 8.64 7.11 
6.81 7.49 9.32 12.89 20.04 40 19.3 11.79 8.44 7.07 
6.19 7.02 8.7 11.52 15.74 18.9 13.93 8.38 6.46 6.02 
4.94 5.72 6.95 8.62 10.29 10.52 7.52 0 3.64 4.42 
3.38 3.95 4.7 5.54 6.12 5.86 4.3 2.36 2.42 2.92 
1.7 2 2.34 2.68 2.86 2.68 2.1 1.48 1.34 1.48 
Maximum Delta Across Cells: 0.01 C

Average Temp: 6.68 C
Number of Estimated FLOPS: 62768
Total Execution Time of Simulation: 0.147278 clock ticks
Cylinder: 
1.32 1.08 1.08 1.46 1.94 2.24 2.28 2.14 1.88 1.6 
2.62 2 1.7 2.88 4.11 4.75 4.78 4.39 3.82 3.22 
4 2.99 0 4.68 6.93 7.92 7.74 6.83 5.76 4.81 
5.47 5.12 5.59 8.08 10.9 12.4 11.44 9.38 7.52 6.23 
6.54 6.85 8.3 11.37 16.13 20.02 16.14 11.52 8.64 7.11 
6.81 7.49 9.32 12.89 20.04 40 19.3 11.79 8.44 7.07 
6.19 7.02 8.7 11.52 15.74 18.9 13.93 8.38 6.46 6.02 
4.94 5.72 6.95 8.62 10.29 10.52 7.52 0 3.64 4.42 
3.38 3.95 4.7 5.54 6.12 5.86 4.3 2.36 2.42 2.92 
1.7 2 2.34 2.68 2.86 2.68 2.1 1.48 1.34 1.48 
Maximum Delta Across Cells: 0.01 C

Average Temp: 6.68 C
Number of Estimated FLOPS: 62768
Total Execution Time of Simulation: 0.097648 clock ticks
Cylinder: 
1.32 1.08 1.08 1.46 1.94 2.24 2.28 2.14 1.88 1.6 
2.62 2 1.7 2.88 4.11 4.75 4.78 4.39 3.82 3.22 
4 2.99 0 4.68 6.93 7.92 7.74 6.83 5.76 4.81 
5.47 5.12 5.59 8.08 10.9 12.4 11.44 9.38 7.52 6.23 
6.54 6.85 8.3 11.37 16.13 20.02 16.14 11.52 8.64 7.11 
6.81 7.49 9.32 12.89 20.04 40 19.3 11.79 8.44 7.07 
6.19 7.02 8.7 11.52 15.74 18.9 13.93 8.38 6.46 6.02 
4.94 5.72 6.95 8.62 10.29 10.52 7.52 0 3.64 4.42 
3.38 3.95 4.7 5.54 6.12 5.86 4.3 2.36 2.42 2.92 
1.7 2 2.34 2.68 2.86 2.68 2.1 1.48 1.34 1.48 
Maximum Delta Across Cells: 0.01 C

Average Temp: 6.68 C
Number of Estimated FLOPS: 62768
Total Execution Time of Simulation: 0.09976 clock ticks
Cylinder: 
1.32 1.08 1.08 1.46 1.94 2.24 2.28 2.14 1.88 1.6 
2.62 2 1.7 2.88 4.11 4.75 4.78 4.39 3.82 3.22 
4 2.99 0 4.68 6.93 7.92 7.74 6.83 5.76 4.81 
5.47 5.12 5.59 8.08 10.9 12.4 11.44 9.38 7.52 6.23 
6.54 6.85 8.3 11.37 16.13 20.02 16.14 11.52 8.64 7.11 
6.81 7.49 9.32 12.89 20.04 40 19.3 11.79 8.44 7.07 
6.19 7.02 8.7 11.52 15.74 18.9 13.93 8.38 6.46 6.02 
4.94 5.72 6.95 8.62 10.29 10.52 7.52 0 3.64 4.42 
3.38 3.95 4.7 5.54 6.12 5.86 4.3 2.36 2.42 2.92 
1.7 2 2.34 2.68 2.86 2.68 2.1 1.48 1.34 1.48 
Maximum Delta Across Cells: 0.01 C

Average Temp: 6.68 C
Number of Estimated FLOPS: 62768
Total Execution Time of Simulation: 0.101033 clock ticks
Cylinder: 
1.32 1.08 1.08 1.46 1.94 2.24 2.28 2.14 1.88 1.6 
2.62 2 1.7 2.88 4.11 4.75 4.78 4.39 3.82 3.22 
4 2.99 0 4.68 6.93 7.92 7.74 6.83 5.76 4.81 
5.47 5.12 5.59 8.08 10.9 12.4 11.44 9.38 7.52 6.23 
6.54 6.85 8.3 11.37 16.13 20.02 16.14 11.52 8.64 7.11 
6.81 7.49 9.32 12.89 20.04 40 19.3 11.79 8.44 7.07 
6.19 7.02 8.7 11.52 15.74 18.9 13.93 8.38 6.46 6.02 
4.94 5.72 6.95 8.62 10.29 10.52 7.52 0 3.64 4.42 
3.38 3.95 4.7 5.54 6.12 5.86 4.3 2.36 2.42 2.92 
1.7 2 2.34 2.68 2.86 2.68 2.1 1.48 1.34 1.48 
Maximum Delta Across Cells: 0.01 C

Average Temp: 6.68 C
Number of Estimated FLOPS: 62768
Total Execution Time of Simulation: 0.098911 clock ticks
