Cylinder: 
5.42 5.02 4.58 5.16 5.78 5.85 5.52 5.21 5.16 5.33 
11.57 10.32 7.58 10.5 12.24 12.18 11.01 10.14 10.03 10.7 
20 20 0 20 20 20 15.88 14.32 14.09 15.42 
20 20 15.36 18.08 20.36 20.78 18.97 17.26 16.75 17.7 
20 20 18.88 19.54 21.86 24.78 21.44 18.96 17.9 18.4 
20 20 20 20 20 40 20 20 17.18 17.92 
20 20 20 20 20.16 21.36 16.44 12.76 13.52 16.24 
20 20 20 20 16.02 13.8 9.64 0 8.68 13.32 
11.6 12.68 12.8 12.22 10.6 8.68 6.2 4.24 6.05 8.94 
5.5 6.08 6.18 5.88 5.18 4.26 3.28 2.76 3.3 4.42 
Maximum Delta Across Cells: 0.01 C

Average Temp: 13.83 C
Number of Estimated FLOPS: 23165
Total Execution Time of Simulation: 0.044202 clock ticks
Cylinder: 
1.32 1.08 1.08 1.46 1.94 2.24 2.28 2.14 1.88 1.6 
2.62 2 1.7 2.88 4.11 4.75 4.78 4.39 3.82 3.22 
4 2.99 0 4.68 6.93 7.92 7.74 6.83 5.76 4.81 
5.47 5.12 5.59 8.08 10.9 12.4 11.44 9.38 7.52 6.23 
6.54 6.85 8.3 11.37 16.13 20.02 16.14 11.52 8.64 7.11 
6.81 7.49 9.32 12.89 20.04 40 19.3 11.79 8.44 7.07 
6.19 7.02 8.7 11.52 15.74 18.9 13.93 8.38 6.46 6.02 
4.94 5.72 6.95 8.62 10.29 10.52 7.52 0 3.64 4.42 
3.38 3.95 4.7 5.54 6.12 5.86 4.3 2.36 2.42 2.92 
1.7 2 2.34 2.68 2.86 2.68 2.1 1.48 1.34 1.48 
Maximum Delta Across Cells: 0.01 C

Average Temp: 6.68 C
Number of Estimated FLOPS: 86631
Total Execution Time of Simulation: 0.107113 clock ticks
Cylinder: 
1.32 1.08 1.08 1.46 1.94 2.24 2.28 2.14 1.88 1.6 
2.62 2 1.7 2.88 4.11 4.75 4.78 4.39 3.82 3.22 
4 2.99 0 4.68 6.93 7.92 7.74 6.83 5.76 4.81 
5.47 5.12 5.59 8.08 10.9 12.4 11.44 9.38 7.52 6.23 
6.54 6.85 8.3 11.37 16.13 20.02 16.14 11.52 8.64 7.11 
6.81 7.49 9.32 12.89 20.04 40 19.3 11.79 8.44 7.07 
6.19 7.02 8.7 11.52 15.74 18.9 13.93 8.38 6.46 6.02 
4.94 5.72 6.95 8.62 10.29 10.52 7.52 0 3.64 4.42 
3.38 3.95 4.7 5.54 6.12 5.86 4.3 2.36 2.42 2.92 
1.7 2 2.34 2.68 2.86 2.68 2.1 1.48 1.34 1.48 
Maximum Delta Across Cells: 0.01 C

Average Temp: 6.68 C
Number of Estimated FLOPS: 86688
Total Execution Time of Simulation: 0.103961 clock ticks
Cylinder: 
1.32 1.08 1.08 1.46 1.94 2.24 2.28 2.14 1.88 1.6 
2.62 2 1.7 2.88 4.11 4.75 4.78 4.39 3.82 3.22 
4 2.99 0 4.68 6.93 7.92 7.74 6.83 5.76 4.81 
5.47 5.12 5.59 8.08 10.9 12.4 11.44 9.38 7.52 6.23 
6.54 6.85 8.3 11.37 16.13 20.02 16.14 11.52 8.64 7.11 
6.81 7.49 9.32 12.89 20.04 40 19.3 11.79 8.44 7.07 
6.19 7.02 8.7 11.52 15.74 18.9 13.93 8.38 6.46 6.02 
4.94 5.72 6.95 8.62 10.29 10.52 7.52 0 3.64 4.42 
3.38 3.95 4.7 5.54 6.12 5.86 4.3 2.36 2.42 2.92 
1.7 2 2.34 2.68 2.86 2.68 2.1 1.48 1.34 1.48 
Maximum Delta Across Cells: 0.01 C

Average Temp: 6.68 C
Number of Estimated FLOPS: 87117
Total Execution Time of Simulation: 0.104931 clock ticks
Cylinder: 
1.32 1.08 1.08 1.46 1.94 2.24 2.28 2.14 1.88 1.6 
2.62 2 1.7 2.88 4.11 4.75 4.78 4.39 3.82 3.22 
4 2.99 0 4.68 6.93 7.92 7.74 6.83 5.76 4.81 
5.47 5.12 5.59 8.08 10.9 12.4 11.44 9.38 7.52 6.23 
6.54 6.85 8.3 11.37 16.13 20.02 16.14 11.52 8.64 7.11 
6.81 7.49 9.32 12.89 20.04 40 19.3 11.79 8.44 7.07 
6.19 7.02 8.7 11.52 15.74 18.9 13.93 8.38 6.46 6.02 
4.94 5.72 6.95 8.62 10.29 10.52 7.52 0 3.64 4.42 
3.38 3.95 4.7 5.54 6.12 5.86 4.3 2.36 2.42 2.92 
1.7 2 2.34 2.68 2.86 2.68 2.1 1.48 1.34 1.48 
Maximum Delta Across Cells: 0.01 C

Average Temp: 6.68 C
Number of Estimated FLOPS: 86243
Total Execution Time of Simulation: 0.105364 clock ticks
Cylinder: 
1.32 1.08 1.08 1.46 1.94 2.24 2.28 2.14 1.88 1.6 
2.62 2 1.7 2.88 4.11 4.75 4.78 4.39 3.82 3.22 
4 2.99 0 4.68 6.93 7.92 7.74 6.83 5.76 4.81 
5.47 5.12 5.59 8.08 10.9 12.4 11.44 9.38 7.52 6.23 
6.54 6.85 8.3 11.37 16.13 20.02 16.14 11.52 8.64 7.11 
6.81 7.49 9.32 12.89 20.04 40 19.3 11.79 8.44 7.07 
6.19 7.02 8.7 11.52 15.74 18.9 13.93 8.38 6.46 6.02 
4.94 5.72 6.95 8.62 10.29 10.52 7.52 0 3.64 4.42 
3.38 3.95 4.7 5.54 6.12 5.86 4.3 2.36 2.42 2.92 
1.7 2 2.34 2.68 2.86 2.68 2.1 1.48 1.34 1.48 
Maximum Delta Across Cells: 0.01 C

Average Temp: 6.68 C
Number of Estimated FLOPS: 86036
Total Execution Time of Simulation: 0.108618 clock ticks
Cylinder: 
1.32 1.08 1.08 1.46 1.94 2.24 2.28 2.14 1.88 1.6 
2.62 2 1.7 2.88 4.11 4.75 4.78 4.39 3.82 3.22 
4 2.99 0 4.68 6.93 7.92 7.74 6.83 5.76 4.81 
5.47 5.12 5.59 8.08 10.9 12.4 11.44 9.38 7.52 6.23 
6.54 6.85 8.3 11.37 16.13 20.02 16.14 11.52 8.64 7.11 
6.81 7.49 9.32 12.89 20.04 40 19.3 11.79 8.44 7.07 
6.19 7.02 8.7 11.52 15.74 18.9 13.93 8.38 6.46 6.02 
4.94 5.72 6.95 8.62 10.29 10.52 7.52 0 3.64 4.42 
3.38 3.95 4.7 5.54 6.12 5.86 4.3 2.36 2.42 2.92 
1.7 2 2.34 2.68 2.86 2.68 2.1 1.48 1.34 1.48 
Maximum Delta Across Cells: 0.01 C

Average Temp: 6.68 C
Number of Estimated FLOPS: 86580
Total Execution Time of Simulation: 0.109256 clock ticks
Cylinder: 
1.32 1.08 1.08 1.46 1.94 2.24 2.28 2.14 1.88 1.6 
2.62 2 1.7 2.88 4.11 4.75 4.78 4.39 3.82 3.22 
4 2.99 0 4.68 6.93 7.92 7.74 6.83 5.76 4.81 
5.47 5.12 5.59 8.08 10.9 12.4 11.44 9.38 7.52 6.23 
6.54 6.85 8.3 11.37 16.13 20.02 16.14 11.52 8.64 7.11 
6.81 7.49 9.32 12.89 20.04 40 19.3 11.79 8.44 7.07 
6.19 7.02 8.7 11.52 15.74 18.9 13.93 8.38 6.46 6.02 
4.94 5.72 6.95 8.62 10.29 10.52 7.52 0 3.64 4.42 
3.38 3.95 4.7 5.54 6.12 5.86 4.3 2.36 2.42 2.92 
1.7 2 2.34 2.68 2.86 2.68 2.1 1.48 1.34 1.48 
Maximum Delta Across Cells: 0.01 C

Average Temp: 6.68 C
Number of Estimated FLOPS: 87260
Total Execution Time of Simulation: 0.075374 clock ticks
Cylinder: 
1.32 1.08 1.08 1.46 1.94 2.24 2.28 2.14 1.88 1.6 
2.62 2 1.7 2.88 4.11 4.75 4.78 4.39 3.82 3.22 
4 2.99 0 4.68 6.93 7.92 7.74 6.83 5.76 4.81 
5.47 5.12 5.59 8.08 10.9 12.4 11.44 9.38 7.52 6.23 
6.54 6.85 8.3 11.37 16.13 20.02 16.14 11.52 8.64 7.11 
6.81 7.49 9.32 12.89 20.04 40 19.3 11.79 8.44 7.07 
6.19 7.02 8.7 11.52 15.74 18.9 13.93 8.38 6.46 6.02 
4.94 5.72 6.95 8.62 10.29 10.52 7.52 0 3.64 4.42 
3.38 3.95 4.7 5.54 6.12 5.86 4.3 2.36 2.42 2.92 
1.7 2 2.34 2.68 2.86 2.68 2.1 1.48 1.34 1.48 
Maximum Delta Across Cells: 0.01 C

Average Temp: 6.68 C
Number of Estimated FLOPS: 87260
Total Execution Time of Simulation: 0.070393 clock ticks
Cylinder: 
1.32 1.08 1.08 1.46 1.94 2.24 2.28 2.14 1.88 1.6 
2.62 2 1.7 2.88 4.11 4.75 4.78 4.39 3.82 3.22 
4 2.99 0 4.68 6.93 7.92 7.74 6.83 5.76 4.81 
5.47 5.12 5.59 8.08 10.9 12.4 11.44 9.38 7.52 6.23 
6.54 6.85 8.3 11.37 16.13 20.02 16.14 11.52 8.64 7.11 
6.81 7.49 9.32 12.89 20.04 40 19.3 11.79 8.44 7.07 
6.19 7.02 8.7 11.52 15.74 18.9 13.93 8.38 6.46 6.02 
4.94 5.72 6.95 8.62 10.29 10.52 7.52 0 3.64 4.42 
3.38 3.95 4.7 5.54 6.12 5.86 4.3 2.36 2.42 2.92 
1.7 2 2.34 2.68 2.86 2.68 2.1 1.48 1.34 1.48 
Maximum Delta Across Cells: 0.01 C

Average Temp: 6.68 C
Number of Estimated FLOPS: 87260
Total Execution Time of Simulation: 0.068594 clock ticks
Cylinder: 
1.32 1.08 1.08 1.46 1.94 2.24 2.28 2.14 1.88 1.6 
2.62 2 1.7 2.88 4.11 4.75 4.78 4.39 3.82 3.22 
4 2.99 0 4.68 6.93 7.92 7.74 6.83 5.76 4.81 
5.47 5.12 5.59 8.08 10.9 12.4 11.44 9.38 7.52 6.23 
6.54 6.85 8.3 11.37 16.13 20.02 16.14 11.52 8.64 7.11 
6.81 7.49 9.32 12.89 20.04 40 19.3 11.79 8.44 7.07 
6.19 7.02 8.7 11.52 15.74 18.9 13.93 8.38 6.46 6.02 
4.94 5.72 6.95 8.62 10.29 10.52 7.52 0 3.64 4.42 
3.38 3.95 4.7 5.54 6.12 5.86 4.3 2.36 2.42 2.92 
1.7 2 2.34 2.68 2.86 2.68 2.1 1.48 1.34 1.48 
Maximum Delta Across Cells: 0.01 C

Average Temp: 6.68 C
Number of Estimated FLOPS: 87260
Total Execution Time of Simulation: 0.070734 clock ticks
Cylinder: 
1.32 1.08 1.08 1.46 1.94 2.24 2.28 2.14 1.88 1.6 
2.62 2 1.7 2.88 4.11 4.75 4.78 4.39 3.82 3.22 
4 2.99 0 4.68 6.93 7.92 7.74 6.83 5.76 4.81 
5.47 5.12 5.59 8.08 10.9 12.4 11.44 9.38 7.52 6.23 
6.54 6.85 8.3 11.37 16.13 20.02 16.14 11.52 8.64 7.11 
6.81 7.49 9.32 12.89 20.04 40 19.3 11.79 8.44 7.07 
6.19 7.02 8.7 11.52 15.74 18.9 13.93 8.38 6.46 6.02 
4.94 5.72 6.95 8.62 10.29 10.52 7.52 0 3.64 4.42 
3.38 3.95 4.7 5.54 6.12 5.86 4.3 2.36 2.42 2.92 
1.7 2 2.34 2.68 2.86 2.68 2.1 1.48 1.34 1.48 
Maximum Delta Across Cells: 0.01 C

Average Temp: 6.68 C
Number of Estimated FLOPS: 87260
Total Execution Time of Simulation: 0.075643 clock ticks
Cylinder: 
1.32 1.08 1.08 1.46 1.94 2.24 2.28 2.14 1.88 1.6 
2.62 2 1.7 2.88 4.11 4.75 4.78 4.39 3.82 3.22 
4 2.99 0 4.68 6.93 7.92 7.74 6.83 5.76 4.81 
5.47 5.12 5.59 8.08 10.9 12.4 11.44 9.38 7.52 6.23 
6.54 6.85 8.3 11.37 16.13 20.02 16.14 11.52 8.64 7.11 
6.81 7.49 9.32 12.89 20.04 40 19.3 11.79 8.44 7.07 
6.19 7.02 8.7 11.52 15.74 18.9 13.93 8.38 6.46 6.02 
4.94 5.72 6.95 8.62 10.29 10.52 7.52 0 3.64 4.42 
3.38 3.95 4.7 5.54 6.12 5.86 4.3 2.36 2.42 2.92 
1.7 2 2.34 2.68 2.86 2.68 2.1 1.48 1.34 1.48 
Maximum Delta Across Cells: 0.01 C

Average Temp: 6.68 C
Number of Estimated FLOPS: 87260
Total Execution Time of Simulation: 0.075162 clock ticks
Cylinder: 
1.32 1.08 1.08 1.46 1.94 2.24 2.28 2.14 1.88 1.6 
2.62 2 1.7 2.88 4.11 4.75 4.78 4.39 3.82 3.22 
4 2.99 0 4.68 6.93 7.92 7.74 6.83 5.76 4.81 
5.47 5.12 5.59 8.08 10.9 12.4 11.44 9.38 7.52 6.23 
6.54 6.85 8.3 11.37 16.13 20.02 16.14 11.52 8.64 7.11 
6.81 7.49 9.32 12.89 20.04 40 19.3 11.79 8.44 7.07 
6.19 7.02 8.7 11.52 15.74 18.9 13.93 8.38 6.46 6.02 
4.94 5.72 6.95 8.62 10.29 10.52 7.52 0 3.64 4.42 
3.38 3.95 4.7 5.54 6.12 5.86 4.3 2.36 2.42 2.92 
1.7 2 2.34 2.68 2.86 2.68 2.1 1.48 1.34 1.48 
Maximum Delta Across Cells: 0.01 C

Average Temp: 6.68 C
Number of Estimated FLOPS: 87260
Total Execution Time of Simulation: 0.07168 clock ticks
Cylinder: 
1.32 1.08 1.08 1.46 1.94 2.24 2.28 2.14 1.88 1.6 
2.62 2 1.7 2.88 4.11 4.75 4.78 4.39 3.82 3.22 
4 2.99 0 4.68 6.93 7.92 7.74 6.83 5.76 4.81 
5.47 5.12 5.59 8.08 10.9 12.4 11.44 9.38 7.52 6.23 
6.54 6.85 8.3 11.37 16.13 20.02 16.14 11.52 8.64 7.11 
6.81 7.49 9.32 12.89 20.04 40 19.3 11.79 8.44 7.07 
6.19 7.02 8.7 11.52 15.74 18.9 13.93 8.38 6.46 6.02 
4.94 5.72 6.95 8.62 10.29 10.52 7.52 0 3.64 4.42 
3.38 3.95 4.7 5.54 6.12 5.86 4.3 2.36 2.42 2.92 
1.7 2 2.34 2.68 2.86 2.68 2.1 1.48 1.34 1.48 
Maximum Delta Across Cells: 0.01 C

Average Temp: 6.68 C
Number of Estimated FLOPS: 87260
Total Execution Time of Simulation: 0.071576 clock ticks
Cylinder: 
17 17 17 17 17 17 17 17 17 17 
20 19.5 18 19.5 20 20 20 20 20 20 
20 18 0 18 20 20 20 20 20 20 
20 19.5 18 19.5 20 20 20 20 20 20 
20 20 20 20 20.5 22 20.5 20 20 20 
20 20 20 20 22 40 22 20 20 20 
20 20 20 20 20.5 22 20 18 19.5 20 
20 20 20 20 20 20 18 0 18 20 
20 20 20 20 20 20 19.5 18 19.5 20 
17 17 17 17 17 17 17 17 17 17 
Maximum Delta Across Cells: 3 C

Average Temp: 19.1 C
Number of Estimated FLOPS: 325
Total Execution Time of Simulation: 0.004179 clock ticks
Cylinder: 
17 17 17 17 17 17 17 17 17 17 
20 19.5 18 19.5 20 20 20 20 20 20 
20 18 0 18 20 20 20 20 20 20 
20 20 20 20 20 20 20 20 20 20 
20 20 20 20 20 20 20 20 20 20 
20 20 20 20 20 40 20 20 20 20 
20 20 20 20 20 20 20 20 20 20 
20 20 20 20 20 20 20 0 20 20 
20 20 20 20 20 20 20 20 20 20 
20 20 20 20 20 20 20 20 20 20 
Maximum Delta Across Cells: 3 C

Average Temp: 19.1 C
Number of Estimated FLOPS: 345
Total Execution Time of Simulation: 0.002778 clock ticks
Cylinder: 
17 17 17 17 17 17 17 17 17 17 
20 19.5 18 19.5 20 20 20 20 20 20 
20 18 0 18 20 20 20 20 20 20 
20 19.5 18 19.5 20 20 20 20 20 20 
20 20 20 20 20.5 22 20.5 20 20 20 
20 20 20 20 22 40 22 20 20 20 
20 20 20 20 20.5 22 20 18 19.5 20 
20 20 20 20 20 20 18 0 18 20 
20 20 20 20 20 20 19.5 18 19.5 20 
17 17 17 17 17 17 17 17 17 17 
Maximum Delta Across Cells: 3 C

Average Temp: 19.1 C
Number of Estimated FLOPS: 356
Total Execution Time of Simulation: 0.003412 clock ticks
Cylinder: 
17 17 17 17 17 17 17 17 17 17 
20 19.5 18 19.5 20 20 20 20 20 20 
20 18 0 18 20 20 20 20 20 20 
20 20 20 20 20 20 20 20 20 20 
20 20 20 20 20 20 20 20 20 20 
20 20 20 20 20 40 20 20 20 20 
20 20 20 20 20 20 20 20 20 20 
20 20 20 20 20 20 20 0 20 20 
20 20 20 20 20 20 20 20 20 20 
20 20 20 20 20 20 20 20 20 20 
Maximum Delta Across Cells: 3 C

Average Temp: 19.5 C
Number of Estimated FLOPS: 268
Total Execution Time of Simulation: 0.002724 clock ticks
Cylinder: 
17 17 17 17 17 17 17 17 17 17 
20 19.5 18 19.5 20 20 20 20 20 20 
20 18 0 18 20 20 20 20 20 20 
20 19.5 18 19.5 20 20 20 20 20 20 
20 20 20 20 20.5 22 20.5 20 20 20 
20 20 20 20 22 40 22 20 20 20 
20 20 20 20 20.5 22 20 20 20 20 
20 20 20 20 20 20 20 0 20 20 
20 20 20 20 20 20 20 20 20 20 
20 20 20 20 20 20 20 20 20 20 
Maximum Delta Across Cells: 3 C

Average Temp: 19.47 C
Number of Estimated FLOPS: 242
Total Execution Time of Simulation: 0.004167 clock ticks
Cylinder: 
17 17 17 17 17 17 17 17 17 17 
20 20 20 20 20 20 20 20 20 20 
20 18 0 18 20 20 20 20 20 20 
20 19.5 18 19.5 20 20 20 20 20 20 
20 20 20 20 20.5 22 20.5 20 20 20 
20 20 20 20 22 40 22 20 20 20 
20 20 20 20 20.5 22 20 18 19.5 20 
20 20 20 20 20 20 18 0 18 20 
20 20 20 20 20 20 19.5 18 19.5 20 
17 17 17 17 17 17 17 17 17 17 
Maximum Delta Across Cells: 3 C

Average Temp: 19.1 C
Number of Estimated FLOPS: 427
Total Execution Time of Simulation: 0.003813 clock ticks
Cylinder: 
17 17 17 17 17 17 17 17 17 17 
20 20 20 20 20 20 20 20 20 20 
20 18 0 18 20 20 20 20 20 20 
20 19.5 18 19.5 20 20 20 20 20 20 
20 20 20 20 20.5 22 20.5 20 20 20 
20 20 20 20 20 40 20 20 20 20 
20 20 20 20 20 20 20 20 20 20 
20 20 20 20 20 20 20 0 20 20 
20 20 20 20 20 20 20 20 20 20 
20 20 20 20 20 20 20 20 20 20 
Maximum Delta Across Cells: 3 C

Average Temp: 19.46 C
Number of Estimated FLOPS: 174
Total Execution Time of Simulation: 0.003664 clock ticks
Cylinder: 
14.88 14.8 14.67 14.8 14.88 14.9 14.9 14.9 14.9 14.9 
19.45 18.4 16.35 18.4 19.45 19.55 19.55 19.55 19.55 19.55 
19.41 15.91 0 15.91 19.43 19.93 19.94 19.93 19.93 19.9 
19.72 18.24 15.98 18.3 19.99 20.47 20.2 20.02 20 19.98 
19.94 19.72 19.49 19.94 21.55 23.88 21.28 20.1 20 19.99 
19.99 19.98 19.97 20.23 23.29 40 23.13 20 19.9 19.98 
19.99 20 20 20.1 21.16 23.07 19.89 16.84 18.72 19.84 
20 20 20 20 20.1 20 16.9 0 16.8 19.77 
19.55 19.55 19.55 19.55 19.55 19.45 18.4 16.35 18.4 19.45 
14.9 14.9 14.9 14.9 14.9 14.88 14.8 14.67 14.8 14.88 
Maximum Delta Across Cells: 1.16 C

Average Temp: 18.45 C
Number of Estimated FLOPS: 775
Total Execution Time of Simulation: 0.009143 clock ticks
Cylinder: 
17 17 17 17 17 17 17 17 17 17 
20 19.5 18 19.5 20 20 20 20 20 20 
20 18 0 18 20 20 20 20 20 20 
20 19.5 18 20 20 20 20 20 20 20 
20 20 20 20 20 20 20 20 20 20 
20 20 20 20 20 40 20 20 20 20 
20 20 20 20 20 20 20 20 20 20 
20 20 20 20 20 20 20 0 20 20 
20 20 20 20 20 20 20 20 20 20 
20 20 20 20 20 20 20 20 20 20 
Maximum Delta Across Cells: 3 C

Average Temp: 19.4 C
Number of Estimated FLOPS: 160
Total Execution Time of Simulation: 0.003437 clock ticks
Cylinder: 
17 17 17 17 17 17 17 17 17 17 
20 19.5 18 19.5 20 20 20 20 20 20 
20 18 0 18 20 20 20 20 20 20 
20 20 20 20 20 20 20 20 20 20 
20 20 20 20 20 20 20 20 20 20 
20 20 20 20 22 40 22 20 20 20 
20 20 20 20 20.5 22 20 18 19.5 20 
20 20 20 20 20 20 18 0 18 20 
20 20 20 20 20 20 19.5 18 19.5 20 
17 17 17 17 17 17 17 17 17 17 
Maximum Delta Across Cells: 3 C

Average Temp: 19.1 C
Number of Estimated FLOPS: 421
Total Execution Time of Simulation: 0.003395 clock ticks
Cylinder: 
17 17 17 17 17 17 17 17 17 17 
20 19.5 18 19.5 20 20 20 20 20 20 
20 18 0 18 20 20 20 20 20 20 
20 19.5 18 19.5 20 20 20 20 20 20 
20 20 20 20 20.5 22 20.5 20 20 20 
20 20 20 20 22 40 22 20 20 20 
20 20 20 20 20.5 22 20 18 19.5 20 
20 20 20 20 20 20 18 0 18 20 
20 20 20 20 20 20 19.5 18 19.5 20 
20 20 20 20 20 20 20 20 20 20 
Maximum Delta Across Cells: 3 C

Average Temp: 19.4 C
Number of Estimated FLOPS: 354
Total Execution Time of Simulation: 0.005419 clock ticks
Cylinder: 
14.88 14.8 14.67 14.8 14.88 14.9 14.9 14.9 14.9 14.9 
19.45 18.4 16.35 18.4 19.45 19.55 19.55 19.55 19.55 19.55 
19.77 16.8 0 16.8 19.77 20 20 20 20 20 
19.9 18.85 16.8 18.86 20 20.22 20.1 20.01 20 20 
19.94 19.72 19.49 19.94 21.55 23.95 21.61 20.21 20.01 19.99 
19.99 19.98 19.97 20.23 23.29 40 23.19 20.02 19.9 19.98 
20 20 20 20.1 21.15 23.1 20 16.9 18.85 19.9 
20 20 20 20.01 20.1 20 16.9 0 16.8 19.77 
19.23 19.23 19.23 19.23 19.23 19.13 18.06 16 18.06 19.13 
13.42 13.43 13.43 13.43 13.42 13.39 13.25 13.06 13.25 13.39 
Maximum Delta Across Cells: 2 C

Average Temp: 18.04 C
Number of Estimated FLOPS: 1008
Total Execution Time of Simulation: 0.01126 clock ticks
Cylinder: 
20 20 20 20 20 20 20 20 20 20 
20 20 20 20 20 20 20 20 20 20 
20 20 0 20 20 20 20 20 20 20 
20 20 20 20 20 20 20 20 20 20 
20 20 20 20 20 20 20 20 20 20 
20 20 20 20 20 40 20 20 20 20 
20 20 20 20 20 20 20 20 20 20 
20 20 20 20 20 20 20 0 20 20 
20 20 20 20 20 20 20 20 20 20 
20 20 20 20 20 20 20 20 20 20 
Maximum Delta Across Cells: 0 C

Average Temp: 19.8 C
Number of Estimated FLOPS: 139
Total Execution Time of Simulation: 0.003042 clock ticks
Cylinder: 
17 17 17 17 17 17 17 17 17 17 
20 20 20 20 20 20 20 20 20 20 
20 18 0 18 20 20 20 20 20 20 
20 19.5 18 19.5 20 20 20 20 20 20 
20 20 20 20 20.5 22 20.5 20 20 20 
20 20 20 20 22 40 22 20 20 20 
20 20 20 20 20 20 20 20 20 20 
20 20 20 20 20 20 20 0 20 20 
20 20 20 20 20 20 19.5 18 19.5 20 
17 17 17 17 20 20 20 20 20 20 
Maximum Delta Across Cells: 3 C

Average Temp: 19.13 C
Number of Estimated FLOPS: 278
Total Execution Time of Simulation: 0.003746 clock ticks
Cylinder: 
17 17 17 17 17 17 17 17 17 17 
20 20 20 20 20 20 20 20 20 20 
20 18 0 18 20 20 20 20 20 20 
20 19.5 18 19.5 20 20 20 20 20 20 
20 20 20 20 20.5 22 20.5 20 20 20 
20 20 20 20 22 40 22 20 20 20 
20 20 20 20 20.5 22 20 18 19.5 20 
20 20 20 20 20 20 18 0 18 20 
20 20 20 20 20 20 19.5 18 19.5 20 
17 17 17 17 17 17 17 17 17 17 
Maximum Delta Across Cells: 3 C

Average Temp: 19.1 C
Number of Estimated FLOPS: 424
Total Execution Time of Simulation: 0.003961 clock ticks
Cylinder: 
17 17 17 17 17 17 17 17 17 17 
20 19.5 18 19.5 20 20 20 20 20 20 
20 18 0 18 20 20 20 20 20 20 
20 19.5 18 19.5 20 20 20 20 20 20 
20 20 20 20 20.5 22 20.5 20 20 20 
20 20 20 20 20 40 20 20 20 20 
20 20 20 20 20 20 20 20 20 20 
20 20 20 20 20 20 20 0 20 20 
20 20 20 20 20 20 20 20 20 20 
20 20 20 20 20 20 20 20 20 20 
Maximum Delta Across Cells: 3 C

Average Temp: 19.43 C
Number of Estimated FLOPS: 216
Total Execution Time of Simulation: 0.004926 clock ticks
Cylinder: 
17 17 17 17 17 17 17 17 17 17 
20 20 20 20 20 20 20 20 20 20 
20 18 0 18 20 20 20 20 20 20 
20 19.5 18 19.5 20 20 20 20 20 20 
20 20 20 20 20.5 22 20.5 20 20 20 
20 20 20 20 22 40 22 20 20 20 
20 20 20 20 20.5 22 20 18 19.5 20 
20 20 20 20 20 20 18 0 18 20 
20 20 20 20 20 20 19.5 18 19.5 20 
17 17 17 17 17 17 17 17 17 17 
Maximum Delta Across Cells: 3 C

Average Temp: 19.13 C
Number of Estimated FLOPS: 348
Total Execution Time of Simulation: 0.005025 clock ticks
Cylinder: 
17 17 17 17 17 17 17 17 17 20 
20 19.5 18 19.5 20 20 20 20 20 20 
20 18 0 18 20 20 20 20 20 20 
20 19.5 18 19.5 20 20 20 20 20 20 
20 20 20 20 20 20 20 20 20 20 
20 20 20 20 22 40 22 20 20 20 
20 20 20 20 20.5 22 20 18 19.5 20 
20 20 20 20 20 20 20 0 20 20 
20 20 20 20 20 20 20 20 20 20 
20 20 20 20 20 20 20 20 20 20 
Maximum Delta Across Cells: 3 C

Average Temp: 19.47 C
Number of Estimated FLOPS: 215
Total Execution Time of Simulation: 0.003613 clock ticks
Cylinder: 
17 17 17 17 17 17 17 17 17 17 
20 20 20 20 20 20 20 20 20 20 
20 18 0 18 20 20 20 20 20 20 
20 19.5 18 19.5 20 20 20 20 20 20 
20 20 20 20 20.5 22 20.5 20 20 20 
20 20 20 20 20 40 20 20 20 20 
20 20 20 20 20 20 20 20 20 20 
20 20 20 20 20 20 20 0 20 20 
20 20 20 20 20 20 20 20 20 20 
20 20 20 20 20 20 20 20 20 20 
Maximum Delta Across Cells: 3 C

Average Temp: 19.46 C
Number of Estimated FLOPS: 180
Total Execution Time of Simulation: 0.003809 clock ticks
Cylinder: 
17 17 17 17 17 17 17 17 17 17 
20 20 20 20 20 20 20 20 20 20 
20 20 0 20 20 20 20 20 20 20 
20 19.5 18 19.5 20 20 20 20 20 20 
20 20 20 20 20.5 22 20.5 20 20 20 
20 20 20 20 22 40 22 20 20 20 
20 20 20 20 20 20 20 20 20 20 
20 20 20 20 20 20 20 0 20 20 
20 20 20 20 20 20 20 20 20 20 
20 20 20 20 20 20 20 20 20 20 
Maximum Delta Across Cells: 3 C

Average Temp: 19.49 C
Number of Estimated FLOPS: 218
Total Execution Time of Simulation: 0.003099 clock ticks
Cylinder: 
20 20 20 20 20 20 20 20 20 20 
20 20 20 20 20 20 20 20 20 20 
20 20 0 20 20 20 20 20 20 20 
20 20 20 20 20 20 20 20 20 20 
20 20 20 20 20 20 20 20 20 20 
20 20 20 20 20 40 20 20 20 20 
20 20 20 20 20 20 20 20 20 20 
20 20 20 20 20 20 20 0 20 20 
20 20 20 20 20 20 20 20 20 20 
20 20 20 20 20 20 20 20 20 20 
Maximum Delta Across Cells: 0 C

Average Temp: 19.8 C
Number of Estimated FLOPS: 139
Total Execution Time of Simulation: 0.00302 clock ticks
Cylinder: 
17 17 17 17 17 17 17 17 17 17 
20 19.5 18 19.5 20 20 20 20 20 20 
20 18 0 18 20 20 20 20 20 20 
20 19.5 18 19.5 20 20 20 20 20 20 
20 20 20 20 20.5 22 20 20 20 20 
20 20 20 20 20 40 20 20 20 20 
20 20 20 20 20 20 20 20 20 20 
20 20 20 20 20 20 20 0 20 20 
20 20 20 20 20 20 20 20 20 20 
20 20 20 20 20 20 20 20 20 20 
Maximum Delta Across Cells: 3 C

Average Temp: 19.47 C
Number of Estimated FLOPS: 226
Total Execution Time of Simulation: 0.003395 clock ticks
Cylinder: 
17 17 17 17 17 17 17 17 17 17 
20 20 20 20 20 20 20 20 20 20 
20 18 0 18 20 20 20 20 20 20 
20 19.5 18 19.5 20 20 20 20 20 20 
20 20 20 20 20.5 22 20.5 20 20 20 
20 20 20 20 22 40 22 20 20 20 
20 20 20 20 20.5 22 20 18 19.5 20 
20 20 20 20 20 20 18 0 18 20 
20 20 20 20 20 20 19.5 18 19.5 20 
17 17 17 17 17 17 17 17 17 17 
Maximum Delta Across Cells: 3 C

Average Temp: 19.1 C
Number of Estimated FLOPS: 424
Total Execution Time of Simulation: 0.004118 clock ticks
Cylinder: 
17 17 17 17 17 17 17 17 17 17 
20 19.5 18 19.5 20 20 20 20 20 20 
20 18 0 18 20 20 20 20 20 20 
20 19.5 18 19.5 20 20 20 20 20 20 
20 20 20 20 20.5 22 20.5 20 20 20 
20 20 20 20 22 40 22 20 20 20 
20 20 20 20 20.5 22 20 18 19.5 20 
20 20 20 20 20 20 18 0 18 20 
20 20 20 20 20 20 19.5 18 19.5 20 
17 17 17 17 17 17 17 17 17 17 
Maximum Delta Across Cells: 3 C

Average Temp: 19.1 C
Number of Estimated FLOPS: 421
Total Execution Time of Simulation: 0.003833 clock ticks
Cylinder: 
20 20 20 20 20 20 20 20 20 20 
20 20 20 20 20 20 20 20 20 20 
20 20 0 20 20 20 20 20 20 20 
20 20 20 20 20 20 20 20 20 20 
20 20 20 20 20 20 20 20 20 20 
20 20 20 20 20 40 20 20 20 20 
20 20 20 20 20 20 20 20 20 20 
20 20 20 20 20 20 20 0 20 20 
20 20 20 20 20 20 20 20 20 20 
20 20 20 20 20 20 20 20 20 20 
Maximum Delta Across Cells: 0 C

Average Temp: 19.8 C
Number of Estimated FLOPS: 139
Total Execution Time of Simulation: 0.002954 clock ticks
Cylinder: 
17 17 17 17 17 17 17 17 17 17 
20 20 20 20 20 20 20 20 20 20 
20 18 0 18 20 20 20 20 20 20 
20 19.5 18 19.5 20 20 20 20 20 20 
20 20 20 20 20.5 22 20.5 20 20 20 
20 20 20 20 22 40 22 20 20 20 
20 20 20 20 20 20 20 20 20 20 
20 20 20 20 20 20 20 0 20 20 
20 20 20 20 20 20 20 20 20 20 
20 20 20 20 20 20 20 20 20 20 
Maximum Delta Across Cells: 3 C

Average Temp: 19.29 C
Number of Estimated FLOPS: 354
Total Execution Time of Simulation: 0.005014 clock ticks
Cylinder: 
17 17 17 17 17 17 17 17 17 17 
20 19.5 18 19.5 20 20 20 20 20 20 
20 18 0 18 20 20 20 20 20 20 
20 19.5 18 19.5 20 20 20 20 20 20 
20 20 20 20 20.5 22 20.5 20 20 20 
20 20 20 20 22 40 22 20 20 20 
20 20 20 20 20.5 22 20 18 19.5 20 
20 20 20 20 20 20 18 0 18 20 
20 20 20 20 20 20 19.5 18 19.5 20 
17 17 17 17 17 17 17 17 17 17 
Maximum Delta Across Cells: 3 C

Average Temp: 19.1 C
Number of Estimated FLOPS: 413
Total Execution Time of Simulation: 0.005861 clock ticks
Cylinder: 
17 17 17 17 17 17 17 17 17 17 
20 19.5 18 19.5 20 20 20 20 20 20 
20 18 0 18 20 20 20 20 20 20 
20 19.5 18 19.5 20 20 20 20 20 20 
20 20 20 20 20.5 22 20.5 20 20 20 
20 20 20 20 22 40 22 20 20 20 
20 20 20 20 20.5 22 20 18 19.5 20 
20 20 20 20 20 20 20 0 20 20 
20 20 20 20 20 20 20 20 20 20 
20 20 20 20 20 20 20 20 20 20 
Maximum Delta Across Cells: 3 C

Average Temp: 19.47 C
Number of Estimated FLOPS: 291
Total Execution Time of Simulation: 0.004959 clock ticks
Cylinder: 
17 17 17 17 17 17 17 17 17 17 
20 19.5 18 19.5 20 20 20 20 20 20 
20 18 0 18 20 20 20 20 20 20 
20 19.5 18 19.5 20 20 20 20 20 20 
20 20 20 20 20.5 22 20.5 20 20 20 
20 20 20 20 22 40 22 20 20 20 
20 20 20 20 20.5 22 20 18 19.5 20 
20 20 20 20 20 20 18 0 18 20 
20 20 20 20 20 20 19.5 18 19.5 20 
20 20 20 20 20 20 20 20 20 20 
Maximum Delta Across Cells: 3 C

Average Temp: 19.4 C
Number of Estimated FLOPS: 353
Total Execution Time of Simulation: 0.005549 clock ticks
Cylinder: 
17 17 17 17 17 17 17 17 17 17 
20 19.5 18 19.5 20 20 20 20 20 20 
20 18 0 18 20 20 20 20 20 20 
20 19.5 18 19.5 20 20 20 20 20 20 
20 20 20 20 20.5 22 20.5 20 20 20 
20 20 20 20 22 40 22 20 20 20 
20 20 20 20 20.5 22 20 18 19.5 20 
20 20 20 20 20 20 20 0 20 20 
20 20 20 20 20 20 20 20 20 20 
20 20 20 20 20 20 20 20 20 20 
Maximum Delta Across Cells: 3 C

Average Temp: 19.47 C
Number of Estimated FLOPS: 277
Total Execution Time of Simulation: 0.004176 clock ticks
Cylinder: 
1.32 1.08 1.08 1.46 1.94 2.24 2.28 2.14 1.88 1.6 
2.62 2 1.7 2.88 4.11 4.75 4.78 4.39 3.82 3.22 
4 2.99 0 4.68 6.93 7.92 7.74 6.83 5.76 4.81 
5.47 5.12 5.59 8.08 10.9 12.4 11.44 9.38 7.52 6.23 
6.54 6.85 8.3 11.37 16.13 20.02 16.14 11.52 8.64 7.11 
6.81 7.49 9.32 12.89 20.04 40 19.3 11.79 8.44 7.07 
6.19 7.02 8.7 11.52 15.74 18.9 13.93 8.38 6.46 6.02 
4.94 5.72 6.95 8.62 10.29 10.52 7.52 0 3.64 4.42 
3.38 3.95 4.7 5.54 6.12 5.86 4.3 2.36 2.42 2.92 
1.7 2 2.34 2.68 2.86 2.68 2.1 1.48 1.34 1.48 
Maximum Delta Across Cells: 0.01 C

Average Temp: 6.68 C
Number of Estimated FLOPS: 55863
Total Execution Time of Simulation: 0.197005 clock ticks
Cylinder: 
1.32 1.08 1.08 1.46 1.94 2.24 2.28 2.14 1.88 1.6 
2.62 2 1.7 2.88 4.11 4.75 4.78 4.39 3.82 3.22 
4 2.99 0 4.68 6.93 7.92 7.74 6.83 5.76 4.81 
5.47 5.12 5.59 8.08 10.9 12.4 11.44 9.38 7.52 6.23 
6.54 6.85 8.3 11.37 16.13 20.02 16.14 11.52 8.64 7.11 
6.81 7.49 9.32 12.89 20.04 40 19.3 11.79 8.44 7.07 
6.19 7.02 8.7 11.52 15.74 18.9 13.93 8.38 6.46 6.02 
4.94 5.72 6.95 8.62 10.29 10.52 7.52 0 3.64 4.42 
3.38 3.95 4.7 5.54 6.12 5.86 4.3 2.36 2.42 2.92 
1.7 2 2.34 2.68 2.86 2.68 2.1 1.48 1.34 1.48 
Maximum Delta Across Cells: 0.01 C

Average Temp: 6.68 C
Number of Estimated FLOPS: 55922
Total Execution Time of Simulation: 0.207498 clock ticks
Cylinder: 
1.32 1.08 1.08 1.46 1.94 2.24 2.28 2.14 1.88 1.6 
2.62 2 1.7 2.88 4.11 4.75 4.78 4.39 3.82 3.22 
4 2.99 0 4.68 6.93 7.92 7.74 6.83 5.76 4.81 
5.47 5.12 5.59 8.08 10.9 12.4 11.44 9.38 7.52 6.23 
6.54 6.85 8.3 11.37 16.13 20.02 16.14 11.52 8.64 7.11 
6.81 7.49 9.32 12.89 20.04 40 19.3 11.79 8.44 7.07 
6.19 7.02 8.7 11.52 15.74 18.9 13.93 8.38 6.46 6.02 
4.94 5.72 6.95 8.62 10.29 10.52 7.52 0 3.64 4.42 
3.38 3.95 4.7 5.54 6.12 5.86 4.3 2.36 2.42 2.92 
1.7 2 2.34 2.68 2.86 2.68 2.1 1.48 1.34 1.48 
Maximum Delta Across Cells: 0.01 C

Average Temp: 6.68 C
Number of Estimated FLOPS: 55350
Total Execution Time of Simulation: 0.186528 clock ticks
Cylinder: 
1.32 1.08 1.08 1.46 1.94 2.24 2.28 2.14 1.88 1.6 
2.62 2 1.7 2.88 4.11 4.75 4.78 4.39 3.82 3.22 
4 2.99 0 4.68 6.93 7.92 7.74 6.83 5.76 4.81 
5.47 5.12 5.59 8.08 10.9 12.4 11.44 9.38 7.52 6.23 
6.54 6.85 8.3 11.37 16.13 20.02 16.14 11.52 8.64 7.11 
6.81 7.49 9.32 12.89 20.04 40 19.3 11.79 8.44 7.07 
6.19 7.02 8.7 11.52 15.74 18.9 13.93 8.38 6.46 6.02 
4.94 5.72 6.95 8.62 10.29 10.52 7.52 0 3.64 4.42 
3.38 3.95 4.7 5.54 6.12 5.86 4.3 2.36 2.42 2.92 
1.7 2 2.34 2.68 2.86 2.68 2.1 1.48 1.34 1.48 
Maximum Delta Across Cells: 0.01 C

Average Temp: 6.68 C
Number of Estimated FLOPS: 55390
Total Execution Time of Simulation: 0.209833 clock ticks
Cylinder: 
1.32 1.08 1.08 1.46 1.94 2.24 2.28 2.14 1.88 1.6 
2.62 2 1.7 2.88 4.11 4.75 4.78 4.39 3.82 3.22 
4 2.99 0 4.68 6.93 7.92 7.74 6.83 5.76 4.81 
5.47 5.12 5.59 8.08 10.9 12.4 11.44 9.38 7.52 6.23 
6.54 6.85 8.3 11.37 16.13 20.02 16.14 11.52 8.64 7.11 
6.81 7.49 9.32 12.89 20.04 40 19.3 11.79 8.44 7.07 
6.19 7.02 8.7 11.52 15.74 18.9 13.93 8.38 6.46 6.02 
4.94 5.72 6.95 8.62 10.29 10.52 7.52 0 3.64 4.42 
3.38 3.95 4.7 5.54 6.12 5.86 4.3 2.36 2.42 2.92 
1.7 2 2.34 2.68 2.86 2.68 2.1 1.48 1.34 1.48 
Maximum Delta Across Cells: 0.01 C

Average Temp: 6.68 C
Number of Estimated FLOPS: 55827
Total Execution Time of Simulation: 0.231557 clock ticks
Cylinder: 
1.32 1.08 1.08 1.46 1.94 2.24 2.28 2.14 1.88 1.6 
2.62 2 1.7 2.88 4.11 4.75 4.78 4.39 3.82 3.22 
4 2.99 0 4.68 6.93 7.92 7.74 6.83 5.76 4.81 
5.47 5.12 5.59 8.08 10.9 12.4 11.44 9.38 7.52 6.23 
6.54 6.85 8.3 11.37 16.13 20.02 16.14 11.52 8.64 7.11 
6.81 7.49 9.32 12.89 20.04 40 19.3 11.79 8.44 7.07 
6.19 7.02 8.7 11.52 15.74 18.9 13.93 8.38 6.46 6.02 
4.94 5.72 6.95 8.62 10.29 10.52 7.52 0 3.64 4.42 
3.38 3.95 4.7 5.54 6.12 5.86 4.3 2.36 2.42 2.92 
1.7 2 2.34 2.68 2.86 2.68 2.1 1.48 1.34 1.48 
Maximum Delta Across Cells: 0.01 C

Average Temp: 6.68 C
Number of Estimated FLOPS: 55309
Total Execution Time of Simulation: 0.197824 clock ticks
Cylinder: 
1.32 1.08 1.08 1.46 1.94 2.24 2.28 2.14 1.88 1.6 
2.62 2 1.7 2.88 4.11 4.75 4.78 4.39 3.82 3.22 
4 2.99 0 4.68 6.93 7.92 7.74 6.83 5.76 4.81 
5.47 5.12 5.59 8.08 10.9 12.4 11.44 9.38 7.52 6.23 
6.54 6.85 8.3 11.37 16.13 20.02 16.14 11.52 8.64 7.11 
6.81 7.49 9.32 12.89 20.04 40 19.3 11.79 8.44 7.07 
6.19 7.02 8.7 11.52 15.74 18.9 13.93 8.38 6.46 6.02 
4.94 5.72 6.95 8.62 10.29 10.52 7.52 0 3.64 4.42 
3.38 3.95 4.7 5.54 6.12 5.86 4.3 2.36 2.42 2.92 
1.7 2 2.34 2.68 2.86 2.68 2.1 1.48 1.34 1.48 
Maximum Delta Across Cells: 0.01 C

Average Temp: 6.68 C
Number of Estimated FLOPS: 55593
Total Execution Time of Simulation: 0.1919 clock ticks
Cylinder: 
1.32 1.08 1.08 1.46 1.94 2.24 2.28 2.14 1.88 1.6 
2.62 2 1.7 2.88 4.11 4.75 4.78 4.39 3.82 3.22 
4 2.99 0 4.68 6.93 7.92 7.74 6.83 5.76 4.81 
5.47 5.12 5.59 8.08 10.9 12.4 11.44 9.38 7.52 6.23 
6.54 6.85 8.3 11.37 16.13 20.02 16.14 11.52 8.64 7.11 
6.81 7.49 9.32 12.89 20.04 40 19.3 11.79 8.44 7.07 
6.19 7.02 8.7 11.52 15.74 18.9 13.93 8.38 6.46 6.02 
4.94 5.72 6.95 8.62 10.29 10.52 7.52 0 3.64 4.42 
3.38 3.95 4.7 5.54 6.12 5.86 4.3 2.36 2.42 2.92 
1.7 2 2.34 2.68 2.86 2.68 2.1 1.48 1.34 1.48 
Maximum Delta Across Cells: 0.01 C

Average Temp: 6.68 C
Number of Estimated FLOPS: 55352
Total Execution Time of Simulation: 0.22003 clock ticks
Cylinder: 
1.32 1.08 1.08 1.46 1.94 2.24 2.28 2.14 1.88 1.6 
2.62 2 1.7 2.88 4.11 4.75 4.78 4.39 3.82 3.22 
4 2.99 0 4.68 6.93 7.92 7.74 6.83 5.76 4.81 
5.47 5.12 5.59 8.08 10.9 12.4 11.44 9.38 7.52 6.23 
6.54 6.85 8.3 11.37 16.13 20.02 16.14 11.52 8.64 7.11 
6.81 7.49 9.32 12.89 20.04 40 19.3 11.79 8.44 7.07 
6.19 7.02 8.7 11.52 15.74 18.9 13.93 8.38 6.46 6.02 
4.94 5.72 6.95 8.62 10.29 10.52 7.52 0 3.64 4.42 
3.38 3.95 4.7 5.54 6.12 5.86 4.3 2.36 2.42 2.92 
1.7 2 2.34 2.68 2.86 2.68 2.1 1.48 1.34 1.48 
Maximum Delta Across Cells: 0.01 C

Average Temp: 6.68 C
Number of Estimated FLOPS: 55103
Total Execution Time of Simulation: 0.213341 clock ticks
Cylinder: 
1.32 1.08 1.08 1.46 1.94 2.24 2.28 2.14 1.88 1.6 
2.62 2 1.7 2.88 4.11 4.75 4.78 4.39 3.82 3.22 
4 2.99 0 4.68 6.93 7.92 7.74 6.83 5.76 4.81 
5.47 5.12 5.59 8.08 10.9 12.4 11.44 9.38 7.52 6.23 
6.54 6.85 8.3 11.37 16.13 20.02 16.14 11.52 8.64 7.11 
6.81 7.49 9.32 12.89 20.04 40 19.3 11.79 8.44 7.07 
6.19 7.02 8.7 11.52 15.74 18.9 13.93 8.38 6.46 6.02 
4.94 5.72 6.95 8.62 10.29 10.52 7.52 0 3.64 4.42 
3.38 3.95 4.7 5.54 6.12 5.86 4.3 2.36 2.42 2.92 
1.7 2 2.34 2.68 2.86 2.68 2.1 1.48 1.34 1.48 
Maximum Delta Across Cells: 0.01 C

Average Temp: 6.68 C
Number of Estimated FLOPS: 55982
Total Execution Time of Simulation: 0.208224 clock ticks
Cylinder: 
1.32 1.08 1.08 1.46 1.94 2.24 2.28 2.14 1.88 1.6 
2.62 2 1.7 2.88 4.11 4.75 4.78 4.39 3.82 3.22 
4 2.99 0 4.68 6.93 7.92 7.74 6.83 5.76 4.81 
5.47 5.12 5.59 8.08 10.9 12.4 11.44 9.38 7.52 6.23 
6.54 6.85 8.3 11.37 16.13 20.02 16.14 11.52 8.64 7.11 
6.81 7.49 9.32 12.89 20.04 40 19.3 11.79 8.44 7.07 
6.19 7.02 8.7 11.52 15.74 18.9 13.93 8.38 6.46 6.02 
4.94 5.72 6.95 8.62 10.29 10.52 7.52 0 3.64 4.42 
3.38 3.95 4.7 5.54 6.12 5.86 4.3 2.36 2.42 2.92 
1.7 2 2.34 2.68 2.86 2.68 2.1 1.48 1.34 1.48 
Maximum Delta Across Cells: 0.01 C

Average Temp: 6.68 C
Number of Estimated FLOPS: 55172
Total Execution Time of Simulation: 0.217781 clock ticks
Cylinder: 
1.32 1.08 1.08 1.46 1.94 2.24 2.28 2.14 1.88 1.6 
2.62 2 1.7 2.88 4.11 4.75 4.78 4.39 3.82 3.22 
4 2.99 0 4.68 6.93 7.92 7.74 6.83 5.76 4.81 
5.47 5.12 5.59 8.08 10.9 12.4 11.44 9.38 7.52 6.23 
6.54 6.85 8.3 11.37 16.13 20.02 16.14 11.52 8.64 7.11 
6.81 7.49 9.32 12.89 20.04 40 19.3 11.79 8.44 7.07 
6.19 7.02 8.7 11.52 15.74 18.9 13.93 8.38 6.46 6.02 
4.94 5.72 6.95 8.62 10.29 10.52 7.52 0 3.64 4.42 
3.38 3.95 4.7 5.54 6.12 5.86 4.3 2.36 2.42 2.92 
1.7 2 2.34 2.68 2.86 2.68 2.1 1.48 1.34 1.48 
Maximum Delta Across Cells: 0.01 C

Average Temp: 6.68 C
Number of Estimated FLOPS: 56004
Total Execution Time of Simulation: 0.200537 clock ticks
Cylinder: 
1.32 1.08 1.08 1.46 1.94 2.24 2.28 2.14 1.88 1.6 
2.62 2 1.7 2.88 4.11 4.75 4.78 4.39 3.82 3.22 
4 2.99 0 4.68 6.93 7.92 7.74 6.83 5.76 4.81 
5.47 5.12 5.59 8.08 10.9 12.4 11.44 9.38 7.52 6.23 
6.54 6.85 8.3 11.37 16.13 20.02 16.14 11.52 8.64 7.11 
6.81 7.49 9.32 12.89 20.04 40 19.3 11.79 8.44 7.07 
6.19 7.02 8.7 11.52 15.74 18.9 13.93 8.38 6.46 6.02 
4.94 5.72 6.95 8.62 10.29 10.52 7.52 0 3.64 4.42 
3.38 3.95 4.7 5.54 6.12 5.86 4.3 2.36 2.42 2.92 
1.7 2 2.34 2.68 2.86 2.68 2.1 1.48 1.34 1.48 
Maximum Delta Across Cells: 0.01 C

Average Temp: 6.68 C
Number of Estimated FLOPS: 55609
Total Execution Time of Simulation: 0.227649 clock ticks
Cylinder: 
1.32 1.08 1.08 1.46 1.94 2.24 2.28 2.14 1.88 1.6 
2.62 2 1.7 2.88 4.11 4.75 4.78 4.39 3.82 3.22 
4 2.99 0 4.68 6.93 7.92 7.74 6.83 5.76 4.81 
5.47 5.12 5.59 8.08 10.9 12.4 11.44 9.38 7.52 6.23 
6.54 6.85 8.3 11.37 16.13 20.02 16.14 11.52 8.64 7.11 
6.81 7.49 9.32 12.89 20.04 40 19.3 11.79 8.44 7.07 
6.19 7.02 8.7 11.52 15.74 18.9 13.93 8.38 6.46 6.02 
4.94 5.72 6.95 8.62 10.29 10.52 7.52 0 3.64 4.42 
3.38 3.95 4.7 5.54 6.12 5.86 4.3 2.36 2.42 2.92 
1.7 2 2.34 2.68 2.86 2.68 2.1 1.48 1.34 1.48 
Maximum Delta Across Cells: 0.01 C

Average Temp: 6.68 C
Number of Estimated FLOPS: 55480
Total Execution Time of Simulation: 0.200892 clock ticks
